"Summary"
"[Software Information]"
"Software Name:","LabSolutions RF"
"Version:","1.11"
"[Data Information]"
"Data is:","Modified"
"Sample Name:","SampleName038"
"Sample ID:","SampleID038"
"Option:","Option038"
"Analyst"
"Date/Time:","02/28/2024 04:21:07 PM"
"Comments"
"[Instrument Information]"
"Instrument Name:","RF-6000"
"Instrument Type:","RF-6000 Series"
"Model (S/N):","RF-6000 (A40245400537SA)"

"Parameter"
"[Measurement]"
"Spectrum Type:","3D"
"EX Wavelength Start:","230.0 nm"
"EX Wavelength End:","360.0 nm"
"Data Interval:","5.0 nm"
"EM Wavelength Start:","370.0 nm"
"EM Wavelength End:","520.0 nm"
"Data Interval:","2.0 nm"
"Scan Speed:","600 nm/min"
"[Instrument]"
"EX Bandwidth:","5.0 nm"
"EM Bandwidth:","5.0 nm"
"Sensitivity:","Low"
"[Attachment]"
"Attachment:","None"
"[Auto Print]"
"Auto Print:","No"
"Report File:",""

"AutoFile_20240228_161354 - CorrectionData"
"EX Wavelength/EM Wavelength",370.0,372.0,374.0,376.0,378.0,380.0,382.0,384.0,386.0,388.0,390.0,392.0,394.0,396.0,398.0,400.0,402.0,404.0,406.0,408.0,410.0,412.0,414.0,416.0,418.0,420.0,422.0,424.0,426.0,428.0,430.0,432.0,434.0,436.0,438.0,440.0,442.0,444.0,446.0,448.0,450.0,452.0,454.0,456.0,458.0,460.0,462.0,464.0,466.0,468.0,470.0,472.0,474.0,476.0,478.0,480.0,482.0,484.0,486.0,488.0,490.0,492.0,494.0,496.0,498.0,500.0,502.0,504.0,506.0,508.0,510.0,512.0,514.0,516.0,518.0,520.0,
230.0,6585.830,6563.171,6770.009,6954.801,7507.651,8038.643,8852.738,9723.007,10707.904,11948.582,13210.358,14744.688,16148.806,17695.472,19412.969,21317.522,22904.009,24895.356,26604.381,29178.618,30715.090,32334.722,34281.349,36052.676,37593.066,39119.876,40835.870,42168.228,42960.340,44297.395,45216.054,46008.803,46676.714,47082.521,47851.517,48743.304,52933.984,67928.579,105033.582,151466.834,208238.084,276793.668,327006.382,351191.819,325308.636,267242.887,199783.201,136984.440,92795.555,64545.599,46294.522,37461.644,33345.176,30405.959,29412.773,28300.695,26791.685,24935.159,23515.118,22315.214,21348.173,20294.581,18537.586,17311.157,16451.913,15275.435,14431.805,13611.873,12852.713,12178.294,11396.907,10947.678,9999.565,9208.064,8751.011,8351.205,
235.0,5821.136,6150.172,6499.786,7019.050,7875.472,8840.955,9877.352,10968.400,12479.678,14000.939,15398.128,17518.519,19403.962,21481.445,23633.986,26172.402,28528.087,30864.121,33383.274,36131.381,38446.379,41375.379,43323.431,45920.172,48078.120,50172.688,52473.141,53780.913,55253.485,56546.600,58204.243,58940.466,59893.021,60611.731,61226.342,61260.584,61244.273,61495.823,61560.368,60530.683,60688.274,64680.828,79971.497,111101.386,165403.497,223652.014,279164.858,329694.734,347853.714,321651.654,260504.647,190063.275,135126.215,88637.242,61593.980,45885.982,36312.086,32101.313,29945.758,28003.759,26462.148,24682.619,23030.802,21620.883,20131.845,19003.844,17582.292,16403.970,15427.141,14300.785,13417.262,12609.737,11636.678,10994.220,10332.388,9500.817,
240.0,6758.774,7409.797,8402.482,9444.222,10593.004,12089.676,13765.486,15570.996,17799.317,20110.042,22630.876,25761.544,28903.324,31980.675,35703.765,39469.024,42872.338,47078.708,51048.314,55167.312,59205.938,63386.504,67274.674,71083.854,74151.725,77147.821,80678.059,83418.058,85931.898,88357.818,89974.613,91460.889,92930.519,94001.257,94238.042,95320.842,95712.844,95379.132,94824.173,94230.373,92725.540,90931.288,89390.643,87644.984,85663.623,83299.511,85314.594,98253.885,129506.109,177119.791,238409.029,298703.548,346565.310,371655.675,347309.361,289934.872,214160.172,150419.864,105231.656,72402.556,51954.654,41687.162,35753.173,32189.569,29879.674,28163.648,25854.309,24401.490,22402.685,20838.884,19590.436,18147.773,16786.341,15632.767,14470.078,13260.096,
245.0,8795.654,9930.580,11590.023,13347.014,15327.409,17725.526,20266.243,23302.637,26680.023,30267.927,34168.927,38834.373,43471.595,48332.183,54119.588,59952.415,65118.416,71974.984,78074.807,83961.061,90562.680,96697.958,102647.878,109208.431,113816.358,118579.578,124395.270,128383.095,132448.691,136063.293,139289.045,141408.892,144075.116,145461.691,146220.401,146954.547,147217.624,146416.952,146107.747,143808.091,142370.530,139756.174,137889.705,134604.577,130982.308,127197.512,123758.296,119159.999,115302.319,111399.431,106993.664,108817.306,124137.996,165819.974,221070.619,281027.522,342339.324,384624.578,397084.476,359580.507,285304.529,214864.920,150519.747,102091.289,71815.539,53287.105,42206.720,37042.269,33758.097,31155.087,28940.166,26789.251,24418.221,22989.890,21206.631,19426.717,
250.0,11826.071,13633.955,15956.854,18745.057,21797.106,25374.154,29415.111,33683.302,38798.442,44102.208,49894.362,57193.636,64005.057,71235.992,79754.575,88536.341,96829.503,106539.728,115504.700,124585.649,134157.197,143491.453,151226.191,161528.043,168662.120,175856.557,183526.097,190225.100,195812.861,201349.791,205535.313,208782.665,212571.911,215068.581,217600.674,218228.566,217914.688,218164.497,216144.718,214555.727,211578.809,206602.132,203092.732,199438.676,193982.733,188698.249,183009.328,175816.985,169796.040,162906.955,155907.058,148614.050,141377.414,134210.045,127244.799,122037.928,122445.238,139777.810,177046.178,233821.356,300194.846,355156.782,399237.147,410249.410,374945.991,307619.969,223630.232,160738.829,110215.159,74601.536,55121.688,43278.221,36463.271,33023.313,30455.789,27690.641,
255.0,21069.851,24427.347,29217.354,34525.739,39902.309,46746.012,54287.697,61921.224,71777.768,81708.891,92400.407,105922.472,118508.338,132577.604,148593.923,165282.425,180561.712,197829.123,215847.165,233304.469,251483.480,268917.907,283263.604,302206.498,315283.288,329659.785,344364.219,355300.135,365299.920,375549.486,383966.717,389988.261,396463.757,401529.859,404850.561,406549.407,407213.184,406044.301,403130.643,399226.991,395699.048,387182.134,379395.567,371642.181,361267.232,350965.130,340325.425,327906.937,315838.302,303561.393,291111.662,276824.742,264437.022,249958.518,237005.452,224964.537,211047.549,197806.723,186141.065,174314.113,164374.818,164540.521,186323.318,244955.988,323315.692,411176.500,502654.523,564618.408,588392.225,539976.071,448094.817,334441.199,228524.230,157265.656,106074.287,69998.549,
260.0,29452.227,34198.722,41245.787,48889.150,57069.003,66838.234,77680.215,88992.918,103074.787,117178.071,132491.956,151456.912,170239.817,190075.147,213575.740,237333.602,259871.402,285345.213,310419.967,335525.173,362294.954,386154.658,408892.206,435413.716,454935.592,474499.907,497321.670,513872.716,528335.773,544118.694,559167.265,566127.073,574769.797,581208.815,586472.043,587926.382,587948.192,586630.995,582970.830,577240.735,569780.079,559285.151,549555.140,538549.792,525697.169,509456.047,493070.931,474906.166,458557.113,441034.444,420153.564,400771.462,382619.168,362095.999,342934.919,324049.492,304196.881,285616.951,269190.651,251819.954,234201.845,219957.295,204273.060,190012.429,176879.092,166822.594,169691.934,201286.615,273132.068,379822.843,487171.253,597490.563,685217.665,714226.685,663496.334,523421.959,
265.0,45514.612,53129.539,64367.004,76175.398,88976.354,104697.886,121950.414,139641.123,161759.673,184135.201,208580.331,239200.208,268919.040,300476.054,336702.094,375209.673,411036.992,453153.635,491322.417,531994.806,573293.162,611783.283,646030.423,688168.804,719345.409,749813.135,785980.275,814398.327,835390.277,859073.470,880994.939,895584.230,909597.287,921668.824,932044.860,935547.783,935960.583,933852.549,929332.151,920535.802,908246.048,890825.025,875694.874,856054.848,831992.668,806209.445,783161.042,755329.401,725622.872,699113.230,666862.298,635452.739,606374.985,573535.835,542613.367,512405.544,481512.097,452202.381,425909.800,397906.864,370445.772,346647.881,323383.073,299186.248,278531.707,259257.000,238173.356,221796.632,204215.055,187688.584,176099.171,176192.942,211302.936,294983.677,425352.567,603782.403,
270.0,61879.555,72672.276,88176.942,104771.656,122236.868,143859.501,167976.627,192917.814,223812.439,255667.806,289977.691,331791.541,373511.827,417031.948,468372.337,521008.915,569540.026,628848.446,682838.562,736926.479,797075.251,849448.164,898788.965,959520.829,1003238.314,1043607.943,1093161.289,1129866.192,1162408.599,1199584.834,1225539.641,1244308.648,1263588.866,1280069.538,1291301.650,1297128.771,1297696.382,1293849.709,1286155.446,1274696.420,1260409.416,1234708.678,1214510.744,1186515.960,1157910.300,1126291.120,1091967.522,1051349.874,1009937.992,969521.207,925299.600,883570.216,842562.490,796158.471,753740.491,714412.157,670175.431,629163.138,592634.647,553533.329,515167.199,482588.926,450979.006,418179.597,387311.506,358622.094,330940.308,308097.558,284214.347,261384.139,242660.476,223406.650,204605.814,188650.300,173639.794,161091.215,
275.0,80528.728,94842.121,115688.158,136501.952,160351.222,189027.964,220581.358,251885.185,293075.902,334776.484,379973.121,434287.273,488416.451,546318.578,615749.835,682949.182,747996.713,824914.899,897575.767,969558.203,1045984.643,1116340.126,1181713.801,1261312.449,1318108.788,1375040.838,1438411.985,1491655.421,1531055.412,1578382.382,1618462.754,1639546.784,1668597.014,1689204.630,1702372.693,1713646.097,1716474.350,1711267.549,1699784.709,1686677.017,1662837.558,1630463.735,1606095.041,1566947.701,1523931.815,1477865.331,1430351.999,1376671.458,1325802.521,1276814.995,1218594.065,1162768.795,1109127.437,1049328.370,992065.730,938987.771,881817.313,829924.658,779483.010,730160.685,678403.647,636771.318,592068.906,548228.213,510243.989,473086.438,435230.719,404666.288,374136.898,343230.962,318255.096,293178.483,268017.876,246953.611,227318.755,206628.945,
280.0,96510.963,114273.280,138616.815,164983.260,193299.461,227759.237,266093.576,304014.986,353874.992,404069.320,457425.532,523548.499,591159.427,658613.737,740209.543,823808.394,901611.373,991476.936,1077216.968,1165894.812,1257838.103,1342511.869,1422199.512,1514829.434,1585815.259,1653634.322,1731491.735,1792739.509,1842473.657,1896735.808,1942763.234,1975110.925,2006878.335,2031133.144,2048788.212,2055292.952,2062260.818,2059478.706,2047090.265,2026763.973,1999536.533,1964183.699,1927630.256,1886595.494,1838611.001,1783411.946,1734092.881,1670261.269,1603791.134,1547314.771,1478024.290,1406466.099,1345275.363,1268351.367,1200036.962,1134392.084,1064459.017,1000531.171,944001.121,882767.701,821698.043,769412.673,716361.558,661657.774,615619.324,571781.313,526426.559,487970.103,452599.714,414359.723,383344.976,352662.983,322371.091,297739.110,274528.247,248367.293,
285.0,108098.808,127677.007,155163.158,185026.569,216660.421,255438.730,298078.507,341634.628,397486.508,453823.218,514931.666,589719.985,664536.043,740819.882,833326.699,926931.031,1013432.186,1119104.047,1214006.713,1312844.530,1416571.715,1516104.786,1606743.679,1706681.272,1781775.498,1858700.929,1949378.482,2020119.445,2079101.085,2139415.272,2192960.171,2225098.669,2258705.303,2284823.940,2303078.575,2316004.708,2320066.735,2311303.074,2299470.808,2275568.731,2249876.454,2210212.590,2167505.730,2124356.277,2062953.204,2001573.232,1947488.083,1871677.232,1799433.354,1730547.900,1651760.315,1576784.075,1504707.256,1422586.020,1347820.783,1275609.073,1196164.145,1124858.416,1056930.539,987294.530,919332.505,860215.911,801419.218,742978.499,692455.212,643143.875,589249.435,546719.865,505286.672,464552.560,430066.862,395385.590,361693.465,333963.716,307266.579,278599.700,
290.0,120720.540,142439.249,172890.781,206132.579,241347.661,285243.887,332325.843,380900.291,443309.324,504984.911,572363.950,657801.890,739218.529,825860.631,926166.504,1030555.416,1129807.046,1242168.924,1352359.418,1459462.442,1581199.534,1690691.615,1786498.745,1903138.377,1992903.769,2078144.985,2175192.604,2250347.476,2315606.431,2383571.077,2438090.888,2476121.501,2516556.160,2546544.202,2566312.668,2575907.069,2583816.461,2576260.526,2562849.200,2538860.079,2506849.239,2463108.084,2421653.184,2364162.910,2301605.066,2236672.879,2166652.104,2081347.157,2002089.994,1929016.832,1842557.034,1762773.969,1678028.525,1587304.272,1502725.685,1423886.034,1335546.760,1253440.818,1181649.254,1104753.716,1028063.245,962835.212,895085.910,827604.679,772153.908,714967.125,658486.382,612777.416,564122.575,517631.273,480378.955,440882.309,402518.974,372039.414,342092.701,309925.524,
295.0,132948.188,157082.473,190494.371,227251.208,266364.857,314052.883,367056.033,420033.870,489223.396,559211.255,633467.543,725331.727,816331.159,912288.073,1024930.285,1142937.708,1248146.113,1369944.449,1493554.594,1614609.598,1742547.891,1860919.987,1970365.079,2094327.088,2193553.970,2288636.498,2395185.053,2480677.552,2557693.931,2629758.747,2691929.399,2738113.478,2777562.398,2811145.373,2839395.881,2851489.890,2856814.265,2854187.159,2834992.176,2814113.264,2781685.646,2731931.796,2683371.294,2619911.781,2539589.272,2474955.665,2400332.531,2307516.221,2223694.050,2140451.207,2042843.265,1949394.660,1861369.461,1759362.455,1664030.691,1574424.852,1471664.128,1382798.616,1301661.725,1217207.489,1132083.592,1059645.106,985529.933,912980.007,850494.260,791027.875,727575.385,673343.345,621627.871,571055.651,530129.435,488312.522,446601.250,412035.918,379522.771,343683.598,
300.0,143432.961,169099.073,205632.671,245143.042,287160.077,339346.443,395442.838,452841.949,527700.403,601535.225,680723.815,780688.069,879832.066,981892.097,1104727.737,1229387.891,1345085.646,1478586.694,1608784.289,1741375.193,1875258.501,2003161.784,2119508.928,2257303.659,2362323.369,2467455.904,2580863.922,2672665.638,2749764.013,2832155.287,2904032.957,2956153.030,2997094.450,3039683.053,3071719.570,3083118.486,3086346.362,3073434.048,3050120.030,3021093.792,2987241.130,2931979.223,2876926.892,2811599.914,2738637.373,2658848.895,2584308.741,2492564.260,2397162.313,2305534.489,2201002.421,2101116.009,2006173.136,1891127.986,1792391.978,1696808.569,1593637.380,1494779.032,1405088.358,1312952.632,1221651.881,1143239.221,1064123.183,986974.669,919650.408,851763.938,783434.778,728474.198,671609.194,618190.344,572886.502,527455.775,481384.161,444242.624,409058.299,370704.080,
305.0,149199.647,176220.718,213949.906,254614.084,298374.470,352784.266,411622.823,472068.861,549471.178,627329.300,709102.067,813999.073,917078.484,1023853.001,1148886.856,1281060.877,1401161.343,1542457.096,1679262.487,1816359.905,1962482.633,2099519.643,2214722.184,2359313.555,2469632.233,2579243.821,2703770.681,2802258.645,2888150.623,2976752.854,3046281.364,3095506.893,3146376.827,3180068.325,3211688.174,3219997.868,3238159.847,3233749.049,3208535.880,3180154.087,3140062.202,3086610.979,3029236.400,2961084.613,2885583.390,2799168.725,2715128.415,2617853.337,2516680.542,2410848.063,2310194.291,2202352.104,2100537.645,1985195.562,1880961.221,1781496.333,1671791.210,1570555.412,1478183.632,1382504.815,1286950.784,1205121.592,1121333.859,1038392.477,966944.111,897635.375,825834.964,766873.031,709007.115,649634.644,603189.743,555450.663,507848.485,468657.559,431861.378,391354.080,
310.0,150832.369,178139.985,217677.287,258329.874,303017.292,357441.200,417423.080,478678.651,554881.525,633464.460,717517.385,824216.201,925751.989,1034368.345,1163883.333,1295553.736,1417601.164,1561806.730,1700450.617,1839484.875,1984620.963,2124400.106,2242411.588,2386883.331,2501047.513,2610425.114,2735649.331,2835598.210,2916042.559,3001391.023,3075928.823,3124449.107,3175701.584,3225940.881,3250378.015,3273310.021,3276532.342,3273417.432,3250885.436,3220555.444,3178950.957,3127539.055,3070812.737,3004621.145,2923491.781,2838168.511,2757104.745,2643329.944,2545421.317,2448306.735,2338316.220,2232274.904,2130891.293,2012336.360,1904724.841,1809055.435,1696284.606,1600161.583,1502551.809,1406594.200,1310358.954,1227973.999,1140820.364,1056882.150,983204.763,913072.250,842137.043,781767.212,722202.607,663423.925,615306.394,567534.484,518650.719,478509.395,440210.008,399056.281,
315.0,146984.764,173652.244,210804.373,251205.044,294171.497,347405.639,405991.352,465493.200,541250.226,618051.908,699674.134,803098.871,903545.055,1009129.774,1133504.780,1262533.760,1382052.439,1523855.675,1658205.880,1793167.640,1939271.671,2072128.268,2195584.669,2340665.732,2452501.598,2555219.804,2677900.796,2775152.583,2854581.917,2936513.864,3010921.109,3057610.209,3104975.185,3145796.777,3178127.483,3194545.423,3200678.514,3196457.390,3176452.133,3152809.358,3112422.862,3057528.938,2997782.368,2932560.244,2852428.973,2776302.921,2694104.575,2588259.334,2495432.745,2400062.044,2295930.434,2188233.434,2087452.471,1972666.238,1871531.507,1768848.482,1658824.825,1560770.249,1466313.898,1377687.808,1282537.704,1205273.510,1117783.956,1035939.700,965041.781,897066.563,824120.881,766371.987,707928.826,652113.466,604602.328,555708.532,508735.499,470016.276,434171.237,393640.197,
320.0,137789.187,162630.810,197962.311,235970.168,276130.092,325495.232,380372.447,436063.776,507356.561,579223.468,656807.324,754115.668,850383.870,949889.496,1066774.499,1188229.153,1301904.724,1432896.538,1561257.264,1689040.933,1825245.663,1951270.361,2067054.883,2201516.961,2302138.925,2404037.131,2522200.359,2615833.099,2689365.006,2766832.996,2825777.420,2879988.612,2925546.461,2965159.906,2983055.895,3003216.991,3012445.509,3008933.824,2993429.030,2969731.460,2933083.883,2879338.539,2829655.401,2768387.685,2695339.103,2614771.288,2537055.205,2449665.563,2355927.433,2265204.878,2166471.774,2067976.380,1975837.962,1866879.755,1770362.076,1676051.995,1576264.474,1480244.887,1395599.160,1305156.648,1217759.466,1142654.492,1062996.997,984199.330,916187.354,850683.438,784429.534,730069.416,676576.332,622564.151,577890.399,532961.863,488842.518,453185.574,418418.877,381099.874,
325.0,120396.579,141743.259,172489.677,205649.330,240656.149,284917.115,332005.605,380866.274,443217.897,507342.016,575079.572,658996.258,742842.158,828205.686,931268.463,1037612.628,1136495.755,1251839.542,1361040.004,1475703.044,1593949.451,1708177.708,1805726.331,1926326.262,2020203.662,2112597.758,2211811.466,2291183.228,2359138.128,2427857.293,2488632.921,2531818.114,2576372.350,2607134.985,2633560.528,2644444.879,2653741.473,2647923.789,2628844.252,2615745.738,2580687.411,2534191.873,2493488.668,2437925.396,2371452.809,2305967.226,2240597.976,2157417.791,2078953.721,1999118.926,1915104.560,1833074.149,1749961.206,1650122.682,1563928.791,1483651.988,1397526.744,1312442.702,1238174.081,1159748.927,1083701.007,1017166.311,948461.457,882311.223,822766.348,766201.625,710005.891,661562.619,612609.555,566208.855,528083.159,488380.648,448338.793,416240.603,385648.893,353180.098,
330.0,97414.926,114585.765,140084.293,167287.165,195777.139,230167.179,267967.066,307430.550,357876.493,409031.471,463229.354,532596.377,600821.569,671631.392,756151.063,842034.122,921881.465,1016504.105,1107563.617,1198871.817,1296851.702,1389677.453,1473743.995,1572521.180,1646354.095,1719291.832,1803719.748,1868906.042,1926221.772,1986880.477,2038106.296,2072932.803,2106377.355,2135646.044,2156074.413,2171359.319,2176266.004,2169958.843,2158563.123,2143512.234,2120317.605,2086712.653,2053365.440,2013676.104,1959519.150,1905154.343,1850470.567,1784076.380,1722022.508,1659696.088,1587402.376,1514912.128,1449365.124,1369809.282,1304143.312,1237448.511,1167693.263,1101384.537,1040927.842,978120.265,913007.407,858360.993,800027.982,746886.506,696734.615,651784.938,604781.444,565169.398,526816.756,488614.303,456145.717,423971.366,392500.290,366450.614,341447.759,314210.019,
335.0,72972.826,85154.820,103574.587,124271.481,145030.329,169490.978,196381.341,224636.500,261478.501,298869.164,339468.614,389454.210,439036.148,489277.113,551631.953,615624.802,674783.878,743449.323,811644.900,880511.581,955259.761,1026893.254,1085716.586,1159250.762,1216135.894,1273257.878,1334695.514,1382998.750,1424324.213,1469750.222,1508241.323,1537632.539,1565239.654,1586297.181,1603963.128,1610444.046,1616770.770,1613986.455,1610443.631,1601300.750,1583444.310,1559446.660,1534239.098,1501795.186,1465239.088,1426796.559,1386577.820,1338202.677,1290864.109,1246215.344,1194809.080,1142923.959,1096106.687,1038296.385,988597.643,942224.915,888731.327,839704.433,794752.332,748486.140,700743.829,659711.824,618684.346,576910.664,541870.795,507314.563,471164.139,442268.495,413352.412,384533.611,360937.514,336888.101,313258.194,293175.730,274458.738,253771.396,
340.0,48191.083,55059.877,66066.235,78555.630,90993.731,104936.529,119986.974,136282.858,158497.280,180717.884,204884.138,235772.932,265365.047,296673.306,334872.616,373430.924,409294.610,451757.520,494026.274,536767.900,582508.640,624268.360,661734.858,706277.202,740828.058,774692.472,814723.135,845274.720,872184.972,899991.643,922590.016,940787.229,958444.890,970767.661,981914.253,990115.875,993352.206,993066.361,992002.290,985624.773,976901.066,961963.501,947499.502,928550.173,907876.947,883407.011,860827.250,833180.559,805196.804,778200.350,745595.962,715645.310,686741.087,653274.296,624315.453,595342.664,562303.406,532509.023,505148.308,476389.877,447451.583,422726.111,397215.635,372502.838,350342.914,329622.000,307139.407,289651.453,271557.999,253313.588,238836.547,224199.373,209138.010,196674.221,184845.166,172041.436,
345.0,29026.336,32360.081,37508.987,43391.637,49025.469,54655.240,61027.461,68218.600,78328.996,88692.284,99823.954,114204.064,128617.908,143474.751,161316.990,179800.762,196869.329,218066.736,238874.007,259531.636,280822.966,300518.821,317909.328,339544.311,356185.381,372957.379,391178.812,406057.120,419025.096,432877.960,444301.826,452911.720,461787.394,468489.436,474032.731,477040.639,479619.266,479805.616,479918.480,477188.528,473120.961,467271.879,460169.318,452397.072,441981.454,431957.291,421329.310,408335.433,394997.050,382039.289,366917.455,352999.418,339603.493,323931.763,309607.568,295710.291,280828.139,266556.224,253529.242,240086.987,226107.814,214370.822,202404.787,190551.800,179638.709,169798.406,158946.493,150584.022,141886.626,133169.231,126263.827,119032.801,111596.552,105682.776,99891.235,93774.994,
350.0,19062.027,20333.665,22475.025,24851.697,26961.705,29030.941,31025.406,33455.373,37152.419,41006.012,44942.292,50146.862,55422.835,61183.353,68185.921,75779.395,83051.427,92415.225,101380.115,109840.038,118230.389,125474.873,131785.085,140024.164,146501.887,152737.193,160216.774,165764.399,170976.373,176210.039,181015.906,183989.371,187645.407,190657.942,192842.597,194262.296,195408.846,195410.346,195302.063,194606.399,193082.313,190721.500,187775.116,184879.775,180847.367,176789.697,173249.159,168248.632,163221.957,158221.596,152782.967,147252.382,141752.081,135487.814,129954.449,124524.071,118585.540,112716.507,107555.967,102293.639,96923.656,92249.084,87348.613,82591.752,78496.700,74528.539,70191.987,66809.133,63357.513,59958.550,57090.063,54117.260,51296.308,48883.580,46640.855,43936.852,
355.0,17826.962,17759.946,18104.660,18551.974,18866.310,19420.307,20168.365,21102.415,21963.102,22666.844,23342.119,24534.952,25920.363,27784.461,30289.636,33076.895,36011.138,39993.055,44165.915,47663.655,50363.332,52070.161,53896.989,56264.863,58215.287,60205.922,62554.486,64366.576,65981.547,67769.454,69182.586,70295.841,71538.011,72655.883,73535.071,73948.498,74293.417,74421.979,74332.691,74108.372,73641.230,72897.477,71845.092,70828.369,69582.835,68150.795,66795.888,65040.544,63391.095,61526.524,59403.686,57318.053,55282.994,53056.526,51178.711,49140.937,46993.117,44903.745,43092.194,41210.904,39204.299,37589.395,35777.699,33968.753,32397.271,30991.828,29393.747,28199.466,26741.142,25538.699,24456.330,23336.257,22263.165,21372.167,20394.665,19396.436,
360.0,33417.857,19557.417,17816.343,16878.501,16262.068,16130.007,16549.126,16788.685,16563.497,16034.873,15802.857,15690.204,15783.523,16068.241,16503.763,17355.896,18422.428,20419.967,22602.273,24143.144,24618.679,24359.824,24287.308,24526.670,24756.383,25089.017,25594.273,25893.058,26104.207,26492.566,26831.055,27053.045,27346.215,27626.355,27720.881,27848.083,27876.845,27925.837,27835.570,27876.105,27550.817,27233.292,26892.900,26598.784,26147.138,25656.708,25260.454,24726.227,24110.565,23445.176,22672.224,21917.479,21269.971,20440.496,19850.238,19173.662,18393.090,17717.209,17037.803,16391.256,15743.759,15104.094,14427.746,13834.730,13279.695,12767.782,12196.802,11765.449,11333.340,10848.537,10495.500,10065.278,9665.256,9371.958,9072.412,8734.538,
